0.41341
0.41677
0.56321
0.67929
0.69986
0.71778
0.69759
0.51598
0.52451
0.57501
0.53574
0.5349
0.54388
0.51465
0.61301
0.74493
0.73435
0.7427
0.75015
0.61765
0.46331
0.50609
0.39521
0.27824
0.10677
0.42603
0.60377
0.60642
0.53292
0.45865
0.48329
0.42752
0.33658
0.30083
0.28005
0.26687
0.25924
0.26168
0.25755
0.2734
0.28163
0.2564
0.23838
0.28316
0.21328
0.1162
0.11028
0.22583
0.26261
0.29137
0.40396
0.54279
0.67259
0.71122
0.72443
0.78008
0.82095
0.76607
0.739
0.70518
0.55031
0.29596
0.45074
0.49566